2309
1.1564762757763965e-05
1.3633197676191842e-06
2.885533021187314e-05
6.417163631873529e-05
4.6143057248593075e-05
7.700653569492103e-06
6.734970077082125e-05
1.4288172409398964e-06
4.6524035785226653e-05
1.2444083460178076e-05
0.01582246822105654
0.004334339984888723
0.0005627085889258103
2.713015604172099e-05
1.504328696417998e-05
1.0476795603533043e-05
0.00016268683987000576
0.0005147251896615737
1.2213096420526734e-05
0.00010084725337718497
2.3266308735903458e-05
6.523179692826443e-05
0.0003583268458731762
3.538583925595338e-05
0.00034722059228839614
1.7887874327886495e-05
1.848865953785206e-05
0.0007162017229197919
1.358294310469992e-05
5.933598351451777e-06
1.0816672024706699e-05
6.080830010261489e-06
0.012353229023484022
0.003963965599310698
7.355687227795881e-06
1.5123805746483512e-05
0.0013000607983687143
1.6715930199967978e-05
0.00025080574645524256
5.036248049297444e-06
6.172949513798245e-05
0.0008490654694702299
0.0005681511308156597
2.970002199590352e-06
4.873191303818169e-05
0.00019443229813289944
7.904780870238086e-05
0.0001549231733530417
6.912573385659069e-05
1.6354606277278394e-05
0.00023238754001253924
3.25301185304706e-05
0.0002525065789870117
0.000348520147035854
1.4642727677884396e-05
9.178368293615728e-05
1.0306464569264723e-05
0.0012037901087542655
0.00019840671355392088
2.842932132296473e-05
0.0015933259970446567
0.0028852056815492745
2.4866752993513854e-05
9.35297338383736e-05
0.00019487174360619525
0.0001256827147748741
0.0002519920269688018
5.495898761184812e-06
6.202323324265143e-06
5.52148937742689e-05
2.100780759004655e-06
0.000619196808912496
1.8569138030547232e-05
1.5975561641846002e-05
0.0043463879274896556
0.00021292161573435467
4.813110768341195e-05
2.3363688719304826e-05
0.00018532900885296545
0.0002604206869015847
0.0006196840580061087
0.00023583943950276532
5.7798599208922414e-06
2.428979908689207e-06
6.512393493175524e-05
8.541743462535274e-05
1.4175455515082635e-05
1.7406185200227284e-05
5.494256959644222e-05
3.6315642837640112e-06
2.067585479184997e-05
4.582013603760342e-05
0.000594203056358503
1.4066639997842308e-05
1.8459892757484423e-06
1.577445606172687e-05
0.0002722190286638044
0.0013793734776713755
4.575361117926958e-05
2.6998415737324945e-05
0.00014743439611896976
2.0240008523567478e-05
9.468930905652621e-05
0.00027636538670342844
0.0003996596529156215
8.782733740448442e-05
2.4253464575087848e-05
0.0002379623056820849
0.0002709011690042825
0.0001497506188437343
2.9071175073716585e-05
1.063410637936699e-06
3.085807963880797e-06
5.982503221063704e-06
0.0006247882477649672
8.873349770099971e-06
0.00012075726986349597
0.0002697303597003327
1.311906198393496e-05
1.0292611658924286e-05
4.802963830476223e-05
0.00018207154701267524
0.0002838747250676324
5.379582661855165e-06
4.107539001971109e-06
0.0001615374713526372
2.911553393251878e-05
2.6592524792856648e-05
0.000909171085228407
6.770943325398069e-05
0.00010964511385109145
0.0007011276144052181
0.0006558329555846243
6.734495331196973e-06
0.00012523715871097732
3.9071881805152185e-05
0.0001235280802393642
2.527033400043629e-05
7.181958436556034e-07
1.66193895834074e-05
0.0001646690684564169
4.529209371552829e-05
0.0002051805315428753
3.9179831095812815e-06
6.653553508005681e-06
0.0003412616584882219
3.6049664273129817e-06
8.101293435004401e-06
8.418721829387905e-06
1.1491019344599308e-05
8.76562408676573e-05
0.00010772249374024602
0.00015843711884013913
0.001669796405636092
5.321726784253027e-05
0.0005024415058472037
0.002733332008508048
4.835867682128758e-06
0.00010324265189730777
2.0400569327808972e-05
7.084752369964076e-05
2.9063916229277413e-06
5.324567201642268e-06
4.193609020812906e-05
0.0005406553398631548
2.8945129033968475e-06
0.00010875842686528255
0.00010130930132076965
3.822436303360201e-05
2.83773813028565e-06
1.6137801179769082e-06
0.0019481272604488546
4.990875235351571e-06
8.225788324830729e-06
0.000963071678258559
0.00046820280575028976
0.009119479840355917
2.7514176443785603e-06
5.604358386884642e-06
7.267337488614491e-05
8.537040322252947e-05
0.0023032092148395486
0.00019881129508611753
4.353453341519101e-06
0.00012331901746159436
2.6459327347624984e-05
3.376063703400697e-05
3.866110238820311e-06
2.1069678998615035e-05
2.0738135811436767e-06
0.0004612504309320272
1.346344412630999e-06
4.30009647018361e-06
5.05329726856762e-06
8.525919047359184e-06
0.00013027585099651515
1.1258205842702404e-05
1.5685154144801286e-05
2.880371250863177e-06
6.834269860321756e-05
0.0007022508349667623
2.30648136895702e-05
1.6394647433051553e-06
0.0026189025036644402
0.00019628858140358337
0.00018546527502336704
4.29613197272118e-05
0.000262769255466926
3.1113045710367065e-06
0.00016093863347374228
3.688857449836082e-05
3.253655815287316e-05
1.8752596762205546e-06
3.3178405188690285e-05
7.761255855397313e-07
9.441965070778589e-05
9.229692554209556e-05
2.337844814583332e-06
0.0004080529587170702
1.7718678117586926e-05
7.995366011189873e-05
7.756891147825192e-06
3.312651888805986e-06
0.0008018528507034908
3.232925468800161e-06
4.5320175572553844e-05
0.0019504421334717392
0.00013378072460679732
0.00010847033602071841
2.3341247407449403e-06
8.156872278240838e-05
7.011665005922183e-05
2.175564987051894e-06
2.5432345230578676e-06
3.5674917195922284e-05
0.005057384844068649
5.186449723736617e-05
6.777349373126997e-05
2.312140044450906e-06
2.889926602978758e-06
0.00011715668157362457
6.348030692891976e-06
6.726691905551494e-05
0.00012871865091854237
1.5736933006476087e-05
1.0815799083192274e-05
8.633055830917924e-07
2.0978409605814634e-05
0.00024778015131105284
7.240146031933654e-05
3.914679361695922e-06
1.4400781864759671e-06
1.2904768272013299e-05
3.0818461523922567e-06
0.0008152397378589858
7.886702251474363e-05
2.5787692861361816e-05
7.238045600351255e-05
2.147649660407557e-05
0.000762329691710055
0.00016462778503771935
0.0002691339257680698
6.898406887866911e-06
0.00021445323862595483
0.00016170549916429437
1.7934234237237142e-05
6.603016909255252e-06
4.578860270412854e-06
0.0003770127096140714
0.0006943264867767317
0.0001350157085419267
8.427330375707071e-06
2.6313217082914572e-05
0.00033460651354068604
0.00011617722776457128
0.0008704923897112209
5.344654928876112e-05
0.0015473328910034375
3.750200393041608e-05
2.2782967734301567e-06
3.4406143709249954e-05
0.00090509387087166
5.79822526736878e-06
0.0003583224073013221
5.435633565002863e-05
0.00012771991853188978
3.79244471889848e-05
4.9175938096960866e-05
0.0015640680460615268
1.9135032439674738e-05
0.00024054685048357922
3.744259018795743e-05
4.64320143197369e-05
1.589457952904635e-05
2.7446980091979127e-05
1.249598319067795e-05
0.0007722616710845665
0.0013579252845171714
2.0435681721493e-05
3.1795189069476956e-05
2.1707550793074172e-05
0.00010056750248155097
1.6298590291791272e-05
1.0413440194390033e-05
8.50224957394231e-05
0.00018202831626290707
2.126324370703649e-06
1.593310310957136e-05
1.1924152779252362e-05
5.7279031134471925e-05
3.1514934553738464e-06
0.00026491113834139053
6.835447659872756e-06
5.314702962529277e-06
1.2514556700131006e-06
0.00016539658462947265
0.0005186602018456209
1.4176865651375166e-05
5.4882182188448255e-05
7.516503199556977e-06
6.321526845527116e-06
3.417466647936359e-05
1.3206665022374781e-06
4.679899893240079e-06
3.799283879917257e-05
8.285403515331167e-06
0.0006009264720474015
0.00010330299901569338
5.714409452114614e-06
6.234393181024666e-05
0.0001112807040770595
5.211601854741065e-06
4.444279548627564e-06
5.889172343302317e-06
0.00029222133521299414
0.00011537131472858551
0.0011564664316820875
1.80330646465394e-05
5.463174198289471e-05
0.0003649178430492713
1.5910453634739417e-05
1.8624475807626996e-06
2.885199288931415e-06
0.0027951815935386764
4.0904427781578495e-06
0.00023708658418468412
0.00014848281902259727
1.765214654431836e-05
4.616289316577468e-06
1.65345195234012e-05
0.0005652835179407766
0.0006803030775286575
5.801848646147112e-05
1.3605283692534451e-05
3.420872462829558e-05
0.00010682569406273926
6.667070671609801e-06
0.00013010637275895706
0.00040877138286850653
0.00021784612726980586
1.8284277069586475e-05
0.0001955849972578923
3.140255340615845e-05
0.0010393685259321227
0.00013059376286619895
6.16012197399052e-05
5.124470876212506e-05
0.00037253956927599003
5.595065588716861e-05
4.005733876585081e-06
0.0020188209315640457
0.003047773123164911
3.340581988306721e-05
7.344944675220684e-05
9.385793298805816e-06
0.0011207276285971788
6.506731460214276e-06
5.705230136343708e-06
7.244553043594551e-05
3.0397267243212945e-05
6.453492771729969e-05
1.3472381704430747e-05
0.0002430040532629232
6.225512679849082e-05
1.6605966428889447e-06
2.2225178251388752e-05
1.3591779958799783e-05
3.5935758835366926e-05
2.9136880710013815e-05
7.329539943464989e-05
5.267711849314355e-06
3.06185713469889e-05
0.0001881673110377681
0.001920283179261964
4.455594213641446e-06
0.0017996156746458898
6.16166708047105e-05
6.5076312614676045e-06
2.7475364121067362e-06
4.2754056551948614e-05
2.2126112819371068e-05
0.003336094323564827
0.0006782613949101794
0.002141211965191264
4.448953143197096e-06
4.319162855845577e-05
0.0009138228092555353
0.0002814878679444815
0.00010040831152399365
0.00012488387256515517
3.8245367349426e-05
4.545587768843843e-06
5.956748760414303e-05
0.00023850881407465747
2.5819246339640883e-05
0.002106919350883432
0.0003930295210999413
0.0002801156105987416
1.2692985945679288e-05
1.3781060538865832e-05
2.6046399151563484e-05
2.380410785813596e-06
6.769862892400601e-07
1.67295749473319e-05
4.1951064512568795e-05
0.00018511102864187903
0.0010662271770180535
1.840353431032626e-05
5.4664544439032876e-05
0.00010478078827559246
0.00151413036576921
4.156977037400308e-05
2.787785730856413e-06
9.967549055250408e-05
3.649248735859298e-05
9.873962338475946e-06
9.692041326869965e-06
1.3590470546528147e-05
3.964517607234811e-06
8.511530956721056e-05
1.4988942997439716e-06
4.48366935573227e-06
8.601769607040964e-05
9.028039035416755e-05
0.01148045777965979
0.0006646206832220287
1.1032886207960093e-05
0.008031589746715913
3.90719892441078e-06
0.0012879859825990069
7.599533367448161e-06
8.199170323575521e-06
3.2100678309917027e-06
2.5501106162176387e-06
0.00019900782108075332
0.00023481046976504
1.1532322908101019e-05
0.00015225269753185443
6.356272603775085e-05
0.00011519084414288042
6.3190020300700114e-06
2.3486592169601012e-05
1.4404750391182937e-05
3.7073362787094944e-05
1.1628205461058416e-05
0.00014157100241008188
6.6492425199113714e-06
0.0003459635766524296
9.684151278566518e-06
8.528329708925939e-05
0.0007674647433089158
8.756074778091402e-05
5.858404512386231e-06
1.0331672434227402e-05
4.782570573712332e-05
7.521949011620038e-06
0.00011008612390417849
7.316129547323017e-06
0.00027965382453761124
5.385431370001807e-06
0.0008095402087022248
6.148724715279504e-06
5.4318899888929294e-05
3.9448764231602695e-06
5.701724940416559e-06
5.817665003401531e-06
2.273220282777044e-06
3.224474051953591e-05
0.0016317012849511679
1.4370712387055125e-05
0.00031000207947225666
0.00037700368474179917
0.00031885616409462673
0.00014308553579280348
1.0513371852987412e-05
8.798296944663678e-06
5.8168034772761415e-05
8.839775767961748e-05
1.1875771674549089e-05
0.0002985455480324118
7.444928710308928e-06
3.966015037678785e-06
2.9130843983694835e-05
4.7338611087009404e-05
8.547042889021301e-05
0.0005866685839936183
1.6362012850281545e-06
1.336204861194227e-06
1.7564389062379834e-05
0.0006231680884590003
7.358178468579353e-06
8.488941244808178e-05
0.0013245924828343184
0.000333573561846668
4.488023990902301e-05
1.547050454133913e-05
0.00040950991153451346
1.6032484143521177e-05
4.0279018905971446e-05
2.3801489033592685e-06
0.0002323867409353068
0.002882055034175676
3.8330794749014485e-06
4.665141809698531e-05
9.92573448521602e-06
3.5310705851300375e-05
3.660928693322292e-06
0.00021346125474870222
1.758756230212043e-05
8.312404267865777e-06
5.047535854572421e-06
4.9341830559375074e-05
4.847343505576072e-06
6.540501538446508e-05
0.0005718374083875739
0.00023080638104746288
9.75634354180939e-06
5.3166872257409095e-05
6.771904232557408e-06
8.774895397142386e-06
0.00018971764845245056
0.00011749054141328342
0.0008209354797925611
4.269632154317155e-05
5.9229511509496934e-05
2.7559435103841127e-06
6.8332518762172426e-06
0.0001975658492826845
0.00013349266062197209
3.93317229193226e-06
8.60929906334961e-05
2.8583664097649635e-06
2.7061240666624573e-05
1.5628251787930288e-05
1.5274864918087238e-06
1.3505754930020652e-05
5.571835272031091e-05
5.668398719369738e-06
0.00015005825686328678
1.1462010826581522e-05
0.00010326675851297533
2.1759363229422603e-05
4.2942813367106e-06
2.3789677463409056e-05
2.5279405877251574e-05
0.00010963667317814043
7.426852106025623e-07
3.573124206840682e-05
0.0016999714286846674
3.008444529405171e-05
0.00014519563016627358
4.433173046590199e-06
1.5048907364545925e-06
0.0010747389745576832
6.551404577961664e-05
6.177659369015299e-06
9.046937547710565e-06
1.4215536960464154e-05
1.5101935204079827e-05
0.0003168283679611627
0.000533476416577095
0.00019089290975812388
8.081166761149145e-05
0.00027165437651760125
8.794452644532849e-05
7.694213947089543e-06
4.688568873971783e-06
0.0008778060011580216
7.965553715485346e-05
0.0004270109989072281
0.0003661896382565705
0.0002903557786174532
2.7432623561534213e-05
0.00017693446078859235
0.00022498707759998813
0.0004013596057909415
0.0008895265772611755
1.4326346813318201e-05
6.803262977729412e-06
1.5138310005492405e-05
2.5109424019589026e-06
9.168988201296504e-06
8.264459633919715e-06
0.0002449708979338763
2.5635344422290633e-05
5.7262948865802345e-06
0.0001292924756655817
3.309779239730058e-05
9.648824006971248e-06
1.599359795652095e-05
4.9760016549327295e-06
4.1843753140707174e-05
1.9934223825999445e-06
2.987031274056348e-06
2.9845648785313636e-05
5.210632218166582e-05
0.0002801949945570764
1.3720626126328779e-06
5.2824027835086396e-05
9.671602408549934e-05
4.610707191339462e-05
0.0002600072416555493
0.00017106629276111404
0.00017598674176105575
0.0034391891864637425
0.001527394127881563
1.118728270212281e-05
0.0001303661131491066
1.3690274621365725e-05
1.7929453203711986e-05
1.5726645726475336e-06
2.8849575512812666e-05
2.2332664211553263e-06
1.5123080533533068e-05
3.695597901314381e-06
0.0014366068942542514
1.0047744849193604e-05
1.4357269087732994e-06
1.6612278467532205e-06
9.734185600199416e-05
0.0001700543991023978
0.00022594717225222537
1.2895931417913437e-05
3.483661131481665e-06
9.178577128085717e-07
0.0001223711842801674
2.095925861197512e-06
1.207317061069928e-05
0.00011569038156704224
6.9390658176348946e-06
7.869816205118038e-06
1.6781964868066797e-06
0.00039764654905933867
0.00011317482600492635
1.2754111996493153e-05
1.1863523633608245e-05
0.0007018326154021365
0.0004239203360455402
5.725663682715958e-06
2.5011822443341686e-05
0.0010203456664770515
0.00083248368352129
3.155312910246188e-05
6.78793278174918e-05
4.281082461012508e-05
0.0017407173101424223
7.747838744320615e-05
2.679790107146173e-05
0.0001542454685657859
1.4000820207654733e-05
0.001314104090538513
8.37832478207425e-06
0.00026711094424280453
5.056314960233636e-05
0.0001450577456966029
3.926722597127612e-05
2.157699231718996e-05
1.3181423582738471e-05
3.7902616936189476e-05
0.0010937780572950534
0.005738088454023863
4.262244383131236e-06
3.008153101238048e-05
0.0004663604895438366
1.2277976119852624e-05
6.399350924524968e-05
9.603780224826964e-05
0.00010240756246993605
0.0008540812906880898
2.521033605865645e-05
5.004943023603252e-06
0.0006164892666516194
3.7386272030407624e-06
2.0931727379597127e-06
3.01317855838724e-05
3.3420391291423364e-05
0.00013935581930814457
8.620958204514952e-05
0.0011227025379047383
0.000646917066703033
0.0002030633529132689
4.801362318543992e-05
2.582549122893638e-05
0.0002339848148209588
0.00013624846983366167
0.0004247314867306125
7.671965353860764e-05
0.0009339841187441101
0.00011073710996615818
3.4758919520032905e-05
5.1691164627275174e-06
6.478468299951114e-06
1.234845607474028e-05
1.0167304261996072e-05
3.538055460232375e-05
0.00019329654078822117
8.327365142436061e-06
0.0001485885523847982
0.00011695184248979758
4.5217322917350504e-05
7.241822079641348e-06
6.631864940333078e-05
0.0003865771268915326
0.00032073527142844547
0.0003600608300376893
4.170504944899991e-06
0.003531910039264981
1.263069149622304e-05
5.2968163908987266e-05
0.0007484438311849152
0.0008279936416925024
0.0006012781197491504
1.0045992251230028e-05
4.2307244795258e-06
4.882563338215721e-06
3.5326532952450354e-06
2.687533098379115e-05
0.0020110300762763746
3.507785205979511e-05
8.914265210374501e-05
0.014168790237298596
5.0420363230315485e-06
4.791079067504076e-06
8.595653644492215e-07
6.1918077364836955e-06
6.114868014389301e-06
5.139906496667942e-06
1.3140052869889496e-05
2.3021495645650586e-05
5.581574613358173e-06
0.00023076124325623244
6.842398288807989e-05
3.942901560857253e-05
0.00017547509730958234
7.538898178362791e-05
5.777106797654442e-06
0.00033341244370284427
0.000281826522247535
1.4954609536183945e-05
6.472626306739199e-06
1.9584872631926924e-05
0.00010273202140097803
8.402847723694839e-06
0.0001098888256920492
9.175917342440613e-05
0.0004778483730139187
0.001173193736981482
0.0001091747595332503
8.744100706487394e-06
0.0002791143063920888
2.9287053510233663e-06
5.494436919894888e-05
6.180707949381057e-06
0.0006687429682206589
8.757530575940074e-06
1.5155110772177705e-05
6.284700800500926e-05
1.5308305293024406e-06
7.941602886303439e-05
4.576168924574537e-05
1.746927201198124e-05
4.7977268528831515e-06
0.00012152193977039257
0.0007749016745319656
1.2843360193940928e-05
2.1797483913864033e-06
5.7188292221514905e-05
8.031119009646794e-05
6.817653082847957e-06
0.002976863278156075
6.898562674352563e-05
9.313177994675184e-06
1.6265264070744452e-05
0.0013007045323011894
0.0007401016663263423
0.00021385515281974925
0.00633842147357002
1.419373356740773e-05
3.782253462464315e-05
0.0006610650984246933
0.0008035861096550534
0.0003804956925371457
1.8912076461956102e-05
0.00010137704829722368
2.9654085127440634e-05
0.000761052490980301
2.262636874154861e-05
5.8951305048849975e-05
3.5428129914859864e-06
4.451961433954496e-06
4.9338251499165936e-05
1.359906566297786e-05
5.161562161160386e-06
0.0016693644674598202
0.00015875241188527967
1.2596029003165678e-05
2.973683326807331e-05
2.769151115497349e-05
0.0007261776515420874
1.012121295003448e-05
1.2725002754454474e-05
0.0012679552584460552
7.965536256655058e-05
5.128007632332869e-06
0.0001315560801618306
6.937326649540773e-06
8.529034777072204e-06
7.2774649531687565e-06
5.5991240952654605e-05
1.0531367878054e-06
1.4103901170638765e-05
2.7782505235450114e-06
0.00015108537999396234
1.4463868676513627e-05
2.6537892083923153e-06
1.2214439407472002e-05
0.0001652511727179738
2.075427179958416e-05
3.7495933629423466e-05
9.456427697192177e-06
1.38049657064916e-06
2.828619248927281e-06
5.74189367994952e-06
1.3941547478825338e-06
2.0342491857360864e-06
6.313113032315012e-07
4.003045888214128e-05
1.0371727019870014e-05
7.79329348047015e-05
0.00014322877206545103
1.862461010632152e-06
0.0002217175020174516
1.2679253904163926e-05
7.98317101823337e-06
1.281243120459141e-06
1.2688936840039306e-05
0.005863312887933535
2.198679806860371e-05
1.1208535470531673e-05
0.0001385544925725769
4.826929432514528e-05
0.0011005550044435903
3.1712393924301196e-05
2.9917082260932432e-05
7.863826483342143e-06
3.0240144485551336e-05
8.942372584152011e-06
2.5761645629558347e-06
0.00018556708014875307
5.278640405581472e-05
0.00031293365210040817
3.294085094287658e-05
4.429315316589918e-05
4.242777787359579e-06
9.959255439369907e-07
5.574342628657906e-06
2.1921273735544095e-05
0.0032531326815825254
2.9810012626720957e-06
3.2726845973148154e-06
5.170049838654478e-06
1.1631878530353723e-06
8.238069940445203e-06
2.2659614383378714e-06
4.4179032850225044e-06
6.608115559192962e-05
3.9902264063280734e-05
7.695308481449937e-06
1.1097336151463496e-05
0.0005073939246513776
0.0010700906482875264
7.249262898811605e-05
1.2886342491124225e-05
0.0007386396504481153
0.000986342318127361
0.0012933655249712536
8.044158069898399e-05
0.00020544677198983992
0.0001510904900592891
0.00042991979447678787
3.8833971667797986e-05
0.00031000043431324867
1.6955921967087337e-05
1.5366758799817188e-05
0.007097550773670025
4.463264683579343e-05
0.0014043325543024417
4.96107234055566e-05
0.00015708178312990958
3.396139343752033e-05
6.827336018723338e-06
7.454094596210382e-06
4.016994822121152e-05
4.206429845685905e-06
2.3476163875971007e-05
1.9246822672998834e-05
3.503333875749421e-05
5.589659394768686e-06
0.0008643422414297794
0.004581266587416841
2.1052730503365756e-05
0.00018956080100711274
1.2808751420361375e-05
0.0006166570527256264
5.807673180528738e-06
7.717951241347151e-06
1.1551742499329593e-05
0.0006631884615091826
3.485030978165838e-06
0.0003428700868032219
0.00020263619577052231
0.0009421567046411041
8.647065870730958e-05
8.102790865448374e-06
0.0002047271995845654
4.194171732342973e-05
2.1295790995655055e-05
1.4283377946004358e-05
5.159822993066264e-06
5.518601955494564e-06
3.1915883306248175e-06
8.478981653622072e-06
3.600736018435388e-06
3.43030828910701e-05
0.0002897358222688439
4.1292134682807865e-05
3.2372834614375556e-06
7.727590530146812e-05
0.0007341513612172914
0.00014080691670250646
1.1070812159294456e-05
1.8849963315737463e-06
0.00043203009029829973
0.00011994848955038205
7.086030222042499e-05
4.9627591321589165e-05
0.00010734330137624965
8.492492102291467e-06
2.3811615155160005e-05
3.120189772666599e-05
0.00027303501410187963
2.5732012622611012e-05
4.911351606374482e-05
1.1997130689858216e-05
0.001621324891051663
0.002012624430088188
7.356623289696733e-05
1.698203634823807e-05
0.0012462657103929824
6.453390704722128e-05
9.515794435107742e-06
2.639808714292077e-06
3.130845702583826e-05
7.925794586970692e-05
0.0008411226350648976
2.1345394218478523e-05
2.379320951907511e-05
4.837960727282958e-05
5.483234394290936e-06
1.3189474789475352e-06
2.593685170643799e-05
2.5095879996246e-05
4.5729047948040634e-05
4.12461776695408e-05
5.881589839009335e-05
0.0001166387788029862
0.0002056430226721519
0.0006626599289968725
1.3426861161920894e-05
1.2674358716748423e-05
0.0007614939710788189
0.0006651514518076028
1.475248328598641e-05
2.4433632988730253e-05
0.005722736723247964
4.75436851935518e-06
1.7945763780162267e-05
3.6719411862734884e-06
0.0034812820838276007
3.6265542709646895e-05
0.00017627949277031996
5.39916341151717e-06
2.3901353542842802e-05
1.0596509459834218e-05
1.1083335512559078e-06
0.0001154998520091171
1.5820909980163685e-05
2.042830872316348e-06
6.1503833041569095e-06
5.478807237825861e-05
4.524764756257466e-06
5.879502837296388e-06
1.8613584183500872e-05
1.831652890107708e-06
2.4421579680896473e-05
0.0005295643291802035
2.487727529623003e-05
3.575686625932253e-05
1.0657098315869975e-05
4.711473516323326e-06
2.8987097376008093e-06
2.445515435452817e-05
0.0009633851045518456
3.3348581779459895e-06
6.792606376318712e-06
0.00015238476686805206
4.451887569672507e-06
3.150197472971663e-06
5.64654294982245e-05
0.0013172005618187392
1.0769586902405608e-05
6.254611177992201e-05
6.990250407586415e-05
2.6793912400234286e-05
8.631189079064001e-06
0.0001610999194909342
0.0005907732221437876
0.0006254375953828737
0.0003181375922146265
1.8657721449457098e-05
6.916875644338235e-05
7.59737115846628e-06
6.730111821807618e-05
1.6682422675683544e-05
0.002521099022759749
4.733914828178751e-06
7.846232682865662e-05
3.7676961554710847e-06
2.2598239879979973e-06
4.408118282139283e-05
8.595492486058783e-06
1.8525779697019262e-05
4.517164121640722e-05
3.991525074704148e-06
0.001441332690726346
7.635055372150494e-06
6.665593385970007e-06
3.6354978925267004e-05
1.8197405959031824e-06
0.0016465930829879217
0.00020234207491457392
1.8246794303944048e-05
1.3769537710875434e-05
3.3130749296937455e-06
2.065184890020331e-05
2.435231512919429e-06
5.8411101979985444e-05
5.3456742559675706e-05
1.677077107187799e-05
6.169460433714439e-06
9.654061656057792e-07
1.1733777664825921e-05
3.6842563765615945e-06
5.099972779850403e-06
3.7056400861976214e-05
1.2111868779527172e-05
9.296659255248391e-06
5.6771079897098e-06
2.715559892939909e-06
1.8267026402274508e-05
3.59612957321312e-05
0.00022419584341131413
9.077916899070529e-05
1.8501558927461356e-05
0.0034609483146704496
1.7397321486388515e-06
4.972415879788864e-06
0.0002927515061693775
0.0033212565941824895
7.390887587124823e-05
1.639925387827382e-05
6.596120671291302e-06
6.492739550725002e-05
5.724777311332082e-06
7.270118814578141e-06
8.254819673626584e-05
0.00560185107726237
4.498448927064942e-05
6.099604967756333e-06
4.139872755665377e-05
0.003327418621183462
4.029111250341358e-05
2.6693544270879692e-06
0.00021288094337471725
0.0007103532296510618
4.7298529641627885e-05
2.5411676661491004e-05
1.5111342827631428e-05
4.906287202603877e-06
1.710222024997009e-05
0.000960056518122934
0.000556341454243622
1.311508002764224e-05
0.0034063657730142947
0.001637756725793229
5.000562871681261e-05
1.6655240619911324e-05
2.8376105465258496e-06
4.942353117019044e-06
0.0018697750988393184
1.3851768801534183e-06
0.00010980404292619444
2.289933755310902e-06
9.951090078742678e-06
0.003518447703102901
0.00016744421668011834
6.864041866417926e-05
1.5230532919023946e-05
0.0034443028711403038
4.208263022866196e-06
1.6720429206234623e-05
1.0939004705551146e-05
0.0009312246767527336
0.00010241839365964963
5.550389113502109e-05
6.2914976574309264e-06
7.848419737106031e-05
7.593080315176149e-06
0.00039349799523605907
9.908497247773509e-06
5.622280547669241e-06
2.0424521499977824e-05
1.1693951386964003e-05
8.091337201285658e-05
0.003965527143951438
7.376675427776527e-05
0.00026516691692005155
7.47202414342318e-05
0.0003488260257425082
1.1931069162020491e-05
1.0540298741240032e-06
0.0003360524740099823
6.333177257277314e-06
2.1047714447125183e-05
1.2374912917562056e-05
1.3555969211904217e-05
0.00016185109909396558
0.00257470850322471
2.5211679045601717e-05
0.0001392868636434398
2.5835207739485393e-05
0.00013650097152417622
3.8738055540166956e-05
7.806259347933238e-06
8.599516746440278e-05
0.0002555190665786156
6.527205296194883e-06
2.8455617007353075e-05
7.178144353631474e-06
1.1384084009082356e-05
1.0421357102432386e-05
0.0004178220203452513
8.750753863814251e-05
4.594626265656825e-05
1.9016292248908883e-06
8.358851471367865e-06
6.182444431501288e-05
7.493728826939126e-05
1.3891454065766846e-05
1.653875664721352e-05
0.000235412201780802
2.5016637051540472e-05
6.028982656252479e-05
0.002890018040244926
0.00019261453844274053
2.2037274232941604e-06
3.3888784848324425e-05
8.18079154722953e-06
4.2066111489235165e-06
5.2516833001225835e-06
1.3249398866973202e-05
2.143709336710141e-06
2.8887394025191408e-05
2.157321852387376e-05
4.667265743552472e-05
5.927264153524421e-05
0.00010420789018954538
0.002712361938851164
0.0002025334505542746
0.00015454034820935837
0.00023357738615643818
1.5059778843867869e-05
0.0003207331897986803
8.819529568268362e-07
6.682528451349834e-06
4.853235860798434e-05
0.0006626453710183857
0.00038012132821121756
6.112631941125431e-06
0.0006664640939628422
5.316133243625986e-06
2.5906614355365282e-05
0.00012306972550987902
0.0008407315774112399
9.177590032680944e-06
4.701918164207745e-06
1.7319159646173927e-05
0.00020956048201682453
5.596152736649055e-05
0.0003103467772165638
8.608377102811682e-05
0.0012271343980271461
0.0002660998698061249
6.223606309880275e-05
0.000128550750690645
7.333803255522742e-06
0.00019685245461735824
0.005195983742504571
2.717702628611084e-05
2.619236168770992e-05
6.8761804539227285e-06
8.024102574351242e-05
3.46305299680653e-06
0.000743371013601098
2.312482506121949e-06
0.00012920803536139796
2.466823937819909e-05
9.949277046366565e-06
8.482923320306433e-06
4.258107983339812e-06
4.6325562459520244e-05
0.002427301369740729
7.041085820932165e-05
1.0725489926057739e-05
0.0001215736984872632
5.391327754185005e-05
5.795431854522622e-06
0.0032759895606033597
0.0018459518534172123
7.446354962444803e-05
3.914563864818629e-05
0.0008973798478671278
5.885465699333378e-06
5.275930929419394e-06
1.001942796945263e-05
4.555572205288437e-05
4.3742125622255784e-05
0.0012884851305569546
4.573661567947722e-05
3.7425554398556708e-06
8.241720850455914e-05
0.0003889259304795893
2.831956571486272e-05
0.00020689949439840557
0.0008381527335893282
2.5639594975972407e-05
0.00022980323023376036
2.051493809606798e-05
1.8714590231654466e-06
3.689001149439226e-05
5.384115914288917e-05
2.0100908650711362e-05
1.737563224722244e-05
8.652314263713064e-06
2.636055737273526e-05
1.2995137863560371e-05
5.1702580016309945e-06
0.001542007027819393
3.097095769155773e-06
1.0745057245850292e-05
5.995624203518971e-06
9.597790503051069e-06
5.235063165181421e-05
1.241562556680785e-05
0.00010298212585979525
3.833544819877984e-05
2.7340038041527447e-05
0.0006229557756528229
1.4578613481117311e-05
6.724928563692357e-05
4.691180983580329e-06
1.0167485565233682e-06
0.00038203562851793705
0.00442418080890077
8.955781637307038e-05
0.0003506065376897401
1.078504468214564e-05
3.9164547904375664e-05
4.478793641627475e-05
0.002204003917446452
3.1150783643529094e-06
1.533610512279145e-06
0.0002515758823190064
0.00035041404065594016
1.847541768657172e-05
0.0006083611604822528
6.0085477668932835e-05
7.228351920580312e-06
9.16545614563045e-06
0.003394361168602086
1.176725161443672e-06
6.67064704584505e-05
0.0005177886503226853
7.0197390434371335e-06
0.0003709201821875166
4.933912444068036e-06
4.7109396790125814e-05
1.5252551189991612e-05
4.849747452208101e-06
2.745577665647063e-05
0.0011928233915130988
0.0006214670141895809
4.017552161703438e-06
4.824573161919056e-06
1.2946662749770929e-06
3.094199617808303e-05
7.715231692782984e-06
0.0011820851029214526
0.0037171358530010724
1.595494679223614e-05
0.0008453278427924633
0.00016693705780504212
1.3927714713289077e-06
3.543324669512134e-05
7.954239050471464e-05
0.00017621450563203847
0.0002355041896716181
2.1700923152499276e-06
7.616414713350178e-05
9.500744923399071e-05
0.00014820062389072288
0.0071170426310261225
0.00032619024266247325
0.02431499113146853
3.393338544477677e-05
0.0008006176183157765
0.00010722566243477891
5.179712629725681e-06
0.000498122936591588
5.094667981416595e-06
5.364079892052466e-05
3.260710525710807e-05
6.12042260839493e-05
3.5690683862659727e-06
1.3480359046885639e-05
0.00034010754251200177
0.0011140578249471355
0.0002796781863207984
9.920957480651703e-05
1.9920632798113333e-05
6.164675371228449e-05
0.000339856813564255
2.2448785577775844e-05
3.0877781257295046e-05
0.0005287083965954413
0.0001228883014034428
6.823589085146041e-06
5.4797291983637874e-05
0.0028632296743807757
5.576551842182871e-07
3.9615496060857696e-06
2.6656759858448807e-05
7.695617368447348e-06
0.0030875943513959145
3.1473369107782426e-05
0.00010165413336377135
6.1665864416515655e-06
0.00012299166439368533
2.58950445228318e-05
1.4652081581958187e-05
2.386177571756576e-05
0.0001397702852242584
5.533826055506121e-05
2.13476571514813e-05
0.0014052516811379136
7.735935851024706e-05
0.00015857186072035787
1.8532870668090276e-05
3.464770677109528e-05
0.00013486896707335202
3.07820397179669e-05
1.6729319779812296e-06
9.621966282546309e-05
3.8254801832716506e-05
7.419757105993774e-05
3.1595312322412746e-06
3.4109182435912333e-06
3.676977387318243e-06
1.2372629839755101e-05
0.00010313006930168597
0.0012593729003723211
0.0008027684320534271
1.3599952034361739e-05
0.00031658509930589687
0.00022255848044257833
2.7647870794187015e-06
0.0008699830484823586
7.013201382987569e-05
5.386331171255136e-06
0.0004114390652768476
5.176703667474808e-05
6.925609088443311e-06
4.8474710893358725e-06
1.7451544584303704e-05
4.199461757920383e-05
6.638223312025448e-06
0.00021697186291324067
5.797278461572366e-06
4.799356567541234e-05
4.1095783276474983e-05
2.67542472808058e-06
4.428082454574162e-05
0.005629237045457426
1.1323663026414756e-05
0.0006354681029946248
3.806703211296389e-06
0.0006733730970177073
5.57525384530027e-05
0.00250133213510713
0.0009618585111463555
0.00011546598859329217
7.772346241591334e-05
2.0307641346131166e-06
1.644419693639721e-05
1.1818419417051425e-06
2.0875348787634783e-05
2.4841115372728693e-05
4.196768397601649e-05
2.5950261431086486e-05
1.4589874426653381e-06
1.4397981736978788e-05
4.770544797110931e-06
0.005129948040305804
1.718578761263938e-05
2.9325610665432302e-05
0.00013853212512500345
8.452303217954327e-06
7.3323931192302104e-06
1.3192160763365887e-06
2.337907263476287e-05
0.0001007552251967605
2.3708554336980153e-06
1.1952375649907165e-05
1.3322799818466817e-05
3.704300456719717e-05
0.0004622276419528819
7.519719653290894e-07
0.006284882103738537
7.197114044233382e-06
2.845668468197456e-06
1.5331404668483014e-06
0.002652136347354231
0.003010853834555112
1.532295728059728e-05
0.0003227925931299013
5.8160735638713886e-06
0.00046337203470361827
8.15626860560894e-06
0.0005213116475417938
0.0019328569751162507
4.847247482009485e-05
4.645224641806736e-05
0.00027355762404176115
0.00015027715030549598
8.910766057888605e-05
1.457166352367555e-05
0.0008992368227760886
0.00015038413264555604
0.00029815696147473327
0.0007760240355818649
5.012410031018941e-06
7.121920205167836e-05
2.0555489586880343e-06
1.839217264076929e-05
6.697250945737332e-05
1.6153493982224537e-05
3.3040097678131876e-06
8.348564191367113e-06
3.4281890557073774e-06
0.00033120881700357096
0.00010356165158641723
0.00024311411775802266
2.7664040357008037e-05
8.954795213395739e-06
1.7941278203765072e-05
3.2313347007634914e-05
8.273904861105784e-05
2.9543093971348975e-06
1.240634552701605e-05
5.732788228460604e-06
1.1015037911457484e-05
3.529626874163875e-05
1.0244331278241908e-05
1.6736034714538637e-06
1.6367713829864207e-05
6.92325550382173e-05
1.8459778603594074e-05
0.00011431288657221576
0.0004982814023361948
5.924243775884514e-05
1.0405496426608774e-05
0.00011258884051109764
0.00012837980859731657
4.241111812053975e-05
0.0004973681980731516
0.00046642040690639974
1.829800239616711e-05
2.7614228971208056e-05
8.809470596048307e-06
0.002055665845556816
0.00011075585134897938
0.00018172321648868113
1.1666742471452876e-05
8.101237029552699e-05
9.104222655860964e-06
7.785255032109249e-06
0.00017621810483705179
3.128574040165906e-05
0.000954783373891426
5.704279301586459e-05
0.000603130877679103
6.351589608296936e-06
5.740214946267935e-05
0.0002358101153828154
1.0405395702587878e-06
0.00014644618603503335
3.5969655825865485e-05
0.002298098075123248
0.0007519594016862164
1.4542037231662942e-05
2.992221918599808e-06
0.000970872370925604
2.0704292540416017e-06
4.776274650912916e-05
3.236147965975331e-05
3.671951258675578e-05
0.0009513811179136318
0.00012717327584062268
0.001175011590680727
0.00016869164338929565
1.5219130959858622e-06
3.0174499283666644e-06
9.617668724321451e-05
6.334426235136413e-06
1.849335327722577e-05
5.72276283091418e-06
2.655446454282776e-05
1.2937799035932162e-06
8.303036933922534e-06
0.0005783254521844448
3.076588358501533e-06
2.2667195544684752e-05
1.5186274784242645e-05
0.0001883006965011721
8.22506714084112e-05
0.00010421295996526377
2.2360081290040904e-05
3.033243454843014e-05
0.00023059269839460132
8.595840319677608e-05
6.419472226432443e-05
2.457981040278793e-05
0.0004504416556705587
5.496127068965508e-06
4.2168373230182586e-05
0.00011925916121111498
1.0673657344905127e-06
9.367219789352763e-06
3.037453718916429e-06
4.388339441902851e-05
1.2740393384847243e-05
3.7965529159640544e-05
6.330195826258819e-06
4.042140238190874e-05
7.857022911477417e-05
0.0003325014016487829
0.00013482489024180833
0.006720474064013077
0.0002347062472631525
2.4593978915060506e-05
3.5858040180844276e-05
1.733536949860331e-05
5.139322297346751e-06
0.00012304870104925086
1.6774390421695484e-05
4.810256249589028e-05
0.00013655407994292684
0.002950338594348759
2.2574079544834608e-05
2.4327993635615488e-05
4.5623596613098206e-05
0.00010235323193306524
6.267049251585798e-05
0.0002092735327111639
1.3679221838806172e-05
0.00020513722692882513
2.8347143951783793e-05
8.322087203741159e-06
1.382440544252435e-05
9.955788518570697e-05
8.617417419433754e-05
0.0003530952469428201
0.000995615454966263
3.379916061453198e-05
0.0006611775668664248
1.7801332249133436e-05
7.208106392380399e-06
2.568885573712483e-06
0.0006310257170575901
1.727223568230627e-05
4.532238478607881e-06
1.3522804149290827e-05
0.00010566494373100954
1.6508532726010267e-06
4.422399605315261e-05
5.6278606584268285e-06
0.0008671018580094588
3.8188706730205154e-05
6.909498617047879e-05
8.062521401894519e-05
0.00034946088924620993
8.609386357501051e-05
9.586773981139038e-05
4.1220754926666876e-05
1.0607293645004719e-05
1.8134836197251798e-05
9.627678677518004e-06
5.410813823267368e-06
0.0002404645791033121
3.2544669794022573e-06
1.6763901693652944e-06
3.725056319958831e-06
3.719643411075929e-05
5.428574825618535e-06
0.00012444440023212045
6.25431034891646e-06
7.481894425977425e-06
6.566004189043671e-06
1.2390122244717214e-05
2.083716095384609e-05
1.3396758109542716e-05
7.0453766642222966e-06
0.001313256074861793
4.5992461407485464e-05
1.3057365163669356e-05
3.0505948461758743e-06
3.684493413757434e-05
3.773590525173865e-05
2.622702418076728e-05
2.2371301945968618e-05
0.0006420580996454457
6.097979953552559e-05
9.380078889353702e-06
5.4284539567934615e-06
8.652367983190876e-06
2.1225774371263515e-06
2.5026037960157347e-05
0.0006224852668914831
0.0003756143513170502
5.036486429480229e-05
1.6494001607262468e-05
6.26809476692269e-05
8.361147979044273e-06
3.719986544240445e-06
0.00013865059000344552
2.0357600460495126e-06
0.00019082774131660478
3.766851416682511e-05
3.3516052251534794e-06
1.0570663676072538e-05
2.5138533261627705e-05
5.148830644919247e-06
1.3430809543539982e-06
8.724140563013351e-05
2.6495621569820848e-05
0.002063843105048379
7.263007698702948e-06
3.843635352291254e-06
0.0003216211794818261
0.0012700103776489208
7.940997870684597e-05
0.001428154100846062
2.5989537084300846e-05
0.00017601738200821206
2.5264579301375818e-05
0.0001990647973019063
2.9454799294632342e-05
0.00039271472495997054
0.0001418410972295794
1.9862609047143038e-05
0.0001948177353861913
0.011979030905620235
6.928543514918722e-05
0.00016129259111303704
3.620548433345452e-05
0.000782404304676378
2.7755846944586547e-06
0.0013694481259374388
3.6885700506297944e-05
0.0005065347890427508
2.1799317091044322e-05
2.084858977275032e-05
0.00019668325840705868
1.6803210921540933e-05
0.00035361562080943776
9.74082801363071e-05
0.0007001432922684882
6.764531234227888e-06
0.0001830117117386447
0.00043241057864469833
4.595835625401039e-06
0.0005217115554794209
7.61977285220682e-05
4.278746335221215e-05
1.2686848495339414e-05
8.853755590568513e-06
0.00017874422970642692
3.383250026544825e-05
0.00039729852742234194
5.571025450903094e-05
0.00027096079762465236
0.00016745246261996229
0.00046790526699256566
1.3687232755934694e-05
0.0027030146288432744
6.347526401294028e-05
1.760485997397548e-05
0.0031175469019420715
1.5738967631698167e-05
9.568217930516271e-06
4.5624388975395915e-05
1.889622921600194e-05
3.4743676618204116e-06
3.841896855690605e-05
1.5942396579232613e-06
8.471487786467479e-06
8.71559983753492e-05
4.615271332472955e-05
0.0006090287122882023
6.480839343402984e-05
1.835174873371673e-05
8.197552695799945e-05
0.005771115739606538
6.186502938049888e-06
2.3491191899888556e-06
1.930572608041828e-05
7.4393754592902455e-06
0.0004288130725098663
0.0004696786476791182
1.2634995769382623e-05
5.921988229309936e-06
9.081035986250914e-06
0.00043989194930576706
1.513573147055749e-06
6.965176169824792e-05
1.1829633358044412e-06
0.00012866350787456968
1.4122830571632314e-05
6.974594537271955e-05
5.880861940084999e-05
2.648903421885431e-05
2.4494947057716456e-05
2.982693426223133e-05
0.00011175724284978361
1.9103727413980545e-05
0.0006069300467336365
1.2540986683213876e-05
0.00011757973589125338
7.135805347194961e-05
2.953086607521231e-05
0.0002276536587590341
2.140258531754275e-05
1.1528032064810888e-05
2.2011112847247785e-05
2.2326620770299555e-06
2.2698520715183122e-05
0.00034150669988625544
1.6030026477411338e-06
9.709842618829491e-06
2.3841583908843658e-05
1.5547215955652827e-05
3.534708065271295e-06
1.0124442833637848e-06
8.514617812214755e-06
6.167620541599422e-06
1.3827071271610707e-05
0.005531655640874004
0.00017503015901968038
2.03006645289505e-05
2.76458025942913e-05
0.00017030913015124148
1.4374983085541075e-05
0.0004014435827646291
7.578831223686857e-06
8.313962132722288e-06
0.001462584169867742
6.928852401916133e-06
0.00034901568907385363
3.084854443149657e-05
1.2476530024775746e-05
3.0002717823497435e-05
2.5413838870472884e-05
0.0001285949148163401
1.4066646712777034e-06
2.2280180281732194e-05
7.087156988089579e-06
2.224400021342668e-05
1.4578109861012835e-05
2.337764235366616e-06
1.0854007061785145e-05
7.803271201980017e-06
2.872924388251667e-06
4.203495419210495e-06
8.956561241228766e-06
2.5601944336961822e-05
2.8683213004967613e-05
4.4825143869593395e-06
2.2218235008881716e-05
6.603802556618234e-06
6.939870266815111e-05
7.307997761369421e-06
0.0004402712289639149
0.0008565428783198101
0.0003108200726758151
1.9159891128031647e-05
2.9689889159401475e-05
6.3212515332033355e-06
7.930559504652502e-06
0.00033690437763390875
0.0015092569011675486
0.0034511692142148525
5.6349852041714746e-06
0.0022897099331066037
2.2938666925801192e-05
2.656038711525639e-06
0.0001677960792597785
0.00011260485563041996
3.2245062836402775e-05
1.9306162551175493e-05
0.0010050876493301927
6.12759147270877e-05
1.7931105077654668e-05
0.0011597399489313084
0.00011876339086533463
6.5457922355173906e-06
0.00045129539247166546
0.0008912945658551427
7.020094263484157e-05
3.486444471925733e-05
1.864940836026589e-05
1.1949273350063596e-05
2.506060644412854e-06
5.412490542468535e-05
3.0874866975623816e-06
6.766111258368996e-05
4.9925673989026084e-06
0.00013825447600393877
1.2258106627997386e-05
2.0392585270419355e-05
0.00038157005523362103
2.1604899585912626e-06
0.0002984780696533468
5.335234546948531e-05
0.0005860263273467828
2.6185760906873927e-06
3.866076664146679e-06
2.0695589985010683e-05
6.228018693488952e-05
2.7589135260135726e-05
0.0002013903672158099
1.9027445755489333e-05
0.00020894174107140073
8.694155021992884e-06
5.763891806113007e-06
2.3770197437767944e-06
4.309504093735211e-06
1.0478078156065773e-05
5.935841811143847e-05
1.5554998565000653e-05
2.094153118429758e-06
0.00014045070284514363
0.0018588225568253588
0.001383777098290235
1.4200025461246309e-05
8.893628201480042e-05
3.0396354012090162e-05
0.00014022964047901782
4.899800575658233e-05
4.740220823380256e-05
5.452124101703807e-05
0.00020723998859357407
0.0012072487366090875
3.2000222886410996e-06
6.987076257941275e-05
9.403633537386754e-05
0.0011998180637052026
5.393469146869234e-06
0.015777094762476934
1.6136968527863015e-05
4.394518524838028e-05
3.754914277219498e-05
8.195522771032173e-05
0.0007709174620211785
2.2692175101866734e-05
0.0015940340869115492
0.00015105364521244568
5.356876781571522e-05
7.846741003424447e-05
0.00015554051087710767
0.0002460999604886324
0.00012353288813262827
0.004990721812522944
2.6911175305360344e-06
3.694685341685072e-05
1.1924132634448183e-05
1.3071056915576362e-05
0.0025593944566624947
1.7435509320177204e-05
7.421936773805943e-06
5.7911557840888894e-05
4.687306466243231e-06
0.0009824414178117235
5.4098267278625965e-05
0.0008980631663398148
6.227999220178246e-05
1.9572456717617923e-05
0.0008345467733516757
1.084623788230677e-05
0.00036868874222860685
0.001771401593840643
9.851977642181911e-05
0.00010978383097266816
4.8276150273500874e-05
0.00014093640078883445
4.604097009594854e-05
0.00028112123922335814
1.7774512799836438e-05
0.00014730759129159758
0.004768303761510297
0.0002401930137131095
5.2760269529859806e-05
1.948219456502647e-05
9.56495447223927e-07
1.537603883960899e-05
0.00091861485527364
6.050075609214856e-06
0.0007707062571792309
2.5281729244666888e-05
0.0002607570245521576
6.771266313758406e-06
1.28141367980119e-05
6.549451874943245e-06
7.224045632940311e-05
0.00020810089694496854
9.97933309420166e-06
6.778819943832064e-05
8.091717938084641e-06
5.916831159440108e-06
6.057918652975219e-06
8.894021025161532e-05
2.8869700172187506e-05
2.846836866839839e-06
9.187212534143788e-06
8.708387997638833e-05
0.0001066846737185514
0.00010759603137454488
0.0005164619202343898
7.217941085780595e-05
0.00015176217826503007
0.00017023544717248936
2.6740817411353123e-06
8.135667185868532e-05
0.000151391198266204
1.675623995313019e-05
4.81730088761043e-06
5.361472482898229e-06
7.34264682455733e-06
0.0002123476163990125
4.485322572661895e-05
0.00015885532497489555
8.638994519189898e-05
5.845742159972773e-05
7.004937312819865e-05
4.511563194585483e-06
0.004333439747164636
2.152247376214681e-05
2.7048690453621044e-05
5.233929012706142e-06
3.874792649421468e-06
1.8225105064777973e-05
0.003880242383006409
1.536138013710139e-05
3.051320059126319e-05
5.850689052385667e-06
3.949409004100549e-06
8.954070000445293e-06
3.167931615583925e-06
3.655758193583011e-05
2.3716477959957234e-06
1.3648709175409686e-05
5.0298688613074225e-06
0.0004245365656053763
1.607308935381135e-05
8.100292909730176e-07
1.023647480461209e-05
1.3103234882784978e-05
0.0004340889094301995
2.0589937202026465e-06
1.621817894844336e-05
3.237722618168658e-05
0.00047432783346092
4.237099638554987e-05
1.4567587558296661e-05
5.78254925225014e-05
9.301894889854517e-05
0.0002276959225582017
3.550662750181077e-06
8.274176144468729e-06
4.4671909059138336e-05
1.1456813467103336e-05
2.9873938805315706e-06
0.0008609456595718289
0.0001260635993024215
0.0272512966067736
0.0003185904809872444
0.02310620597750445
0.019859902686710673
2.712150049085874e-05
0.000581541570171625
6.0331418868219734e-05
5.988324397977968e-05
0.0022145592710713486
0.004695520053531663
0.003098931632309954
6.729465845086945e-06
4.1072999502948515e-05
0.010292084308240489
0.007901518472920772
0.00022111220437134996
9.351077086270643e-06
0.00029894079580533887
1.725845663624782e-06
0.0001230213846947841
1.0907363933120635e-05
1.562112724218564e-05
4.536233864770053e-06
3.256267253402389e-05
9.063738985889337e-05
7.316198039657226e-05
0.0002765365235298639
1.5183071760378182e-06
3.7163880107205996e-05
4.179054399793566e-05
4.6382404381978706e-06
2.0949797268945703e-05
1.2406560404927292e-05
0.0027402346122301193
5.0611443412888194e-05
0.002010300592627444
3.18791526132951e-06
8.757714565151574e-05
2.3348277944107878e-05
1.0457389442173923e-05
4.900063129606033e-05
0.00017331039708691766
8.561286608562812e-06
0.00034329569951098145
5.3822632637979195e-05
2.218453275149022e-05
1.122737757737378e-05
0.0056248991103300585
1.2179461312482502e-05
0.000533168449525741
0.00018722159306077996
5.2882991676918384e-05
0.00031435719811758785
0.00023540732673819068
4.9966024031796656e-05
0.0003246125150290421
0.0006819334099607349
0.00038057269269365263
0.0029630781550816997
0.0002954278978480587
0.0007795966628835357
7.73952901259677e-05
2.8723871934735598e-05
6.486173687549588e-05
1.350216243994206e-05
5.835319909784022e-05
0.00040788519278786735
0.00038696766749521643
2.5604529586831464e-05
0.0019171611643700388
0.0002575899793079575
5.377494317155274e-06
0.0001001202676839726
0.0010636353800870548
3.658706049927874e-06
1.0125631377084411e-05
9.755047559407205e-06
7.423466435936603e-05
8.28077692530472e-06
0.0001341589500201931
5.063456964808571e-06
3.3614580488774366e-05
0.000523569577918199
1.6445002728564373e-05
0.0005173292279185786
3.1909504118258154e-05
0.0002110486391359411
3.6154658992510856e-05
0.0017983879025506564
0.0012313422447240592
2.926052951806462e-06
1.2160249884230446e-05
1.405801802165369e-05
1.3646902857968302e-05
3.123169860698148e-06
0.0003351650080917451
1.7022527404637897e-05
2.3598590565901622e-05
4.610899909966108e-05
3.441330182966823e-06
3.3139344413387167e-06
1.7640415553351445e-05
2.989542659643999e-06
0.0005880958903742448
2.6402774167359758e-05
3.1321544433619896e-06
8.539443597391503e-05
5.743652992847821e-06
4.797294411086775e-05
1.134064509633767e-05
7.024168885876099e-05
8.316196862999213e-05
2.8134367815110285e-06
0.0003100103858465131
2.1551455420425693e-05
0.014361506869608917
4.807517227714154e-06
0.00011673791138435114
1.4814824739985743e-06
5.9140599058785474e-05
1.507608270538342e-05
0.0030096143650435855
0.00010814572264617772
0.00036595622712548294
3.338967717998509e-06
1.24205073243539e-05
1.403924977909357e-06
5.19167192847329e-06
0.004610888447572531
6.198341367972424e-06
1.1214881083848063e-06
0.0013753228410262753
0.00013714402724824407
0.0009134058453837033
0.00024159673724297707
0.00025198742723851427
2.4529797568946158e-05
0.00344224783923159
0.0008551471321323975
9.793275682804255e-06
2.7963069830241373e-06
0.00011140397013383091
0.00014783304164886835
1.574582358005376e-05
0.0004940272964539518
2.7554076585929507e-05
0.004750868648371269
0.0004888157818933623
3.033834369098932e-06
0.0002411401485413249
6.27440210511114e-05
1.6390148426784907e-06
5.714644474830036e-06
2.313601214247357e-05
7.142924520991826e-05
4.205979945059241e-05
0.00025269350933992355
1.8570695895403744e-05
5.601652268189927e-06
2.825099951637207e-05
0.0003897028954319698
1.5484968510739665e-05
9.527125215964966e-05
7.393155220581908e-05
6.038315072535145e-05
3.54913375954389e-05
8.232812146554479e-06
9.506040320924262e-05
0.0003474764380164044
0.000826453094652651
7.770059134823544e-06
6.26065059028507e-05
0.0004752158097141964
0.00010174037998539645
3.557888019946618e-06
0.00011888994724012194
1.6966753156800923e-05
4.1416683292112e-05
0.0013109535237441313
2.201222752641236e-06
1.4714436465826973e-05
9.305917807249066e-05
8.197478160024482e-06
5.4501975869308205e-05
5.825078291339409e-06
2.907378718332513e-06
3.3726807192855676e-05
2.2588073468804297e-05
0.00018118027372644824
9.579225051519686e-05
7.57581084604695e-05
2.304168073943796e-05
3.0465457405358918e-06
0.0009743690254557812
0.0005829827898970044
0.00786998239303758
7.33268857635817e-06
3.4448286639592457e-06
0.0001056382182907987
3.869154118731761e-05
7.534683213835068e-05
7.101627672424839e-06
0.0001172168070991642
5.37918110875853e-05
6.642395972464395e-05
6.615037313908871e-05
6.448022785901892e-06
7.030736092038459e-05
7.110236890237479e-05
0.0005943246705413317
0.0004397844432007984
2.0672128003076853e-06
0.010754339716448463
0.04591243975865946
7.66797198217901e-06
0.007084118231673325
1.0195083946958937e-05
1.177772691260981e-06
1.8414989988969393e-05
1.4965172128508476e-05
0.0035101215735084544
0.003348542597144274
6.905618727763e-06
0.002563872183300994
2.784119376495832e-05
0.00022467842562529195
0.0002692154517905823
0.0004708642566992048
1.594255102273132e-05
2.0395801724153273e-05
2.594335847818781e-05
1.381906706941691e-06
5.577095751895705e-06
1.995549002427776e-05
2.262516005329787e-05
4.3261349725719356e-05
3.4142689960196764e-06
6.597712110821445e-05
3.3228330728380616e-05
5.2092583425215725e-06
0.001926842206633827
0.0036902331183686628
5.7693812652517895e-05
1.1752545907386039e-06
2.1678562419860565e-06
1.3479895716389521e-06
4.275385510390682e-06
0.006258147282763895
0.0002338468900616798
0.0004261125607856481
0.00029327447200079955
0.0009743703684427265
0.023008073887839056
0.00030436722185184494
8.985266915690393e-05
2.1109203104414267e-06
7.785754623252889e-05
6.3961902047492806e-06
6.189720063277277e-05
9.618781389005605e-06
8.602617031803429e-06
9.187030559412704e-05
0.0013132730636466507
0.0008552631662044686
0.0010187681537215316
1.4290865098224226e-05
6.598914084137459e-06
5.0446860362745624e-05
9.529627200644e-06
9.57756377666839e-05
0.0008802800517085939
0.003055279352514337
0.0007892144840368756
1.2086184154198925e-05
1.1894566776848112e-06
1.640455867670763e-05
